

 Point 1 (S) :  Latitude =   5.720000e+01 deg  -  Longitude =   3.577000e+02 deg 
  - Orthometric Height =   8.000000e+01  -   Geometric Height =   1.310000e+02 m 

 Ellipsoid parameters 
  k1 = 1.567237016094e-07 m^-1 
  k2 = 1.564143624262e-07 m^-1 
   J = 1.565690320178e-07 m^-1 
   k = 7.564932411209e-10 m^-1 

 Foot on ellipsoid
  gamma (ell) = 9.8169206536756228e+00
 Point S  (on surface) 
  gamma = 9.8165165638718168e+00
 dg = 2.2037280000000000e-04
  g = 9.8167369366718168e+00

 ksi =   -6.276600e-01 arcsec
 eta =    5.183760e+00 arcsec

  Disturbance matrix  T at point S - physical system (in Eotvos units)

     1.340770000000e+00    -4.218360000000e+00    -3.702990000000e+00
    -4.218360000000e+00     2.598440000000e+00    -5.463080000000e+00
    -3.702990000000e+00    -5.463080000000e+00    -3.939200000000e+00

  Constant part of Normal Eotvos matrix U at ellipsoid - geometric system (in  sec^-2)

     -1.5385441432496221e-06      0.0000000000000000e+00     -7.4264341231259760e-09
      0.0000000000000000e+00     -1.5355073850330093e-06      0.0000000000000000e+00
     -7.4264341231259760e-09      0.0000000000000000e+00      3.0846865165172764e-06

  Complete Normal Eotvos matrix U at point S - geometric system (in sec^-2)

     -1.5385125556999704e-06      0.0000000000000000e+00     -7.4260464524715267e-09
      0.0000000000000000e+00     -1.5354759220544787e-06      0.0000000000000000e+00
     -7.4260464524715267e-09      0.0000000000000000e+00      3.0846234659890940e-06

  Rotated Normal Eotvos matrix U at point S - physical system (in sec^-2)

     -1.5385125104724821e-06      3.0516324370091810e-13     -7.4401100340363851e-09
      3.0516324370091810e-13     -1.5354759191556243e-06     -3.8931979887175894e-11
     -7.4401100340363851e-09     -3.8931979887175894e-11      3.0846234178336031e-06

  Full Eotvos matrix W at point S - physical system (in sec^-2)

     -1.5371717404724821e-06     -4.2180548367562991e-09     -1.1143100034036385e-08
     -4.2180548367562991e-09     -1.5328774791556243e-06     -5.5020119798871759e-09
     -1.1143100034036385e-08     -5.5020119798871759e-09      3.0806842178336031e-06


 2ù^2 -ÓUii = 2.9148248877044152e-08  Eotvos 
 2ù^2 -ÓWii = -9.9708517511229558e-06  Eotvos 

  Rotated Disturbance matrix T at point S - geometric system (in Eotvos units)

      1.3410764820079418e+00     -4.2184854688213823e+00     -3.7028990398334340e+00
     -4.2184854688213823e+00      2.5978364089370743e+00     -5.4631008762170377e+00
     -3.7028990398334340e+00     -5.4631008762170377e+00     -3.9394520618040466e+00

  Full Eotvos matrix W at point S - geometric system (in Eotvos units)

     -1.5371714792179624e+03     -4.2184854688213823e+00     -1.1128945492304961e+01
     -4.2184854688213823e+00     -1.5328780856455416e+03     -5.4631008762170377e+00
     -1.1128945492304961e+01     -5.4631008762170377e+00      3.0806840139272900e+03

 2ù^2 -ÓUGii = 0.0000000000000000e+00  Eotvos 
 2ù^2 -ÓWGii = 5.3917085903044524e-04  Eotvos 


  ÓWGi^2 - gS = -1.3438992677e-13  mgal  (geometric) 

 Geometric system on surface:
 Point   0 :  x =   -2.720655e+00 m ,  y =    0.000000e+00 m ,  z =    5.216034e-01 m 	g =     9.8167352995110318e+05 mgal
 Point   1 :  x =    0.000000e+00 m ,  y =   -3.401122e+00 m ,  z =    5.316572e-01 m 	g =     9.8167352800923829e+05 mgal
 Point   2 :  x =    0.000000e+00 m ,  y =    0.000000e+00 m ,  z =    1.587985e+00 m 	g =     9.8167320445919788e+05 mgal


  ÓWi^2 - gS = 0.0000000000e+00  mgal  (physical) 

 Physical system on surface:
 Point   0 :  x =   -2.720655e+00 m ,  y =    0.000000e+00 m ,  z =    5.216034e-01 m 	g =     9.8167352994599237e+05 mgal
 Point   1 :  x =    0.000000e+00 m ,  y =   -3.401122e+00 m ,  z =    5.316572e-01 m 	g =     9.8167352800908575e+05 mgal
 Point   2 :  x =    0.000000e+00 m ,  y =    0.000000e+00 m ,  z =    1.587985e+00 m 	g =     9.8167320445914892e+05 mgal


 Point 2 (S) :  Latitude =   5.040000e+01 deg  -  Longitude =   3.559000e+02 deg 
  - Orthometric Height =   4.100000e+01  -   Geometric Height =   9.400000e+01 m 

 Ellipsoid parameters 
  k1 = 1.569021956827e-07 m^-1 
  k2 = 1.564737204854e-07 m^-1 
   J = 1.566879580841e-07 m^-1 
   k = 8.156448754476e-10 m^-1 

 Foot on ellipsoid
  gamma (ell) = 9.8110599482734543e+00
 Point S  (on surface) 
  gamma = 9.8107699430223544e+00
 dg = 3.0945620000000000e-04
  g = 9.8110793992223544e+00

 ksi =   -8.248100e-01 arcsec
 eta =    2.743820e+00 arcsec

  Disturbance matrix  T at point S - physical system (in Eotvos units)

     5.399070000000e+00     5.041000000000e-01     3.468760000000e+00
     5.041000000000e-01    -1.997440000000e+00    -4.869410000000e+00
     3.468760000000e+00    -4.869410000000e+00    -3.401640000000e+00

  Constant part of Normal Eotvos matrix U at ellipsoid - geometric system (in  sec^-2)

     -1.5393768478589379e-06      0.0000000000000000e+00     -8.0023407695181459e-09
      0.0000000000000000e+00     -1.5351730520118570e-06      0.0000000000000000e+00
     -8.0023407695181459e-09      0.0000000000000000e+00      3.0851848881054399e-06

  Complete Normal Eotvos matrix U at point S - geometric system (in sec^-2)

     -1.5393541438878412e-06      0.0000000000000000e+00     -8.0020407543734682e-09
      0.0000000000000000e+00     -1.5351504718733875e-06      0.0000000000000000e+00
     -8.0020407543734682e-09      0.0000000000000000e+00      3.0851396039958737e-06

  Rotated Normal Eotvos matrix U at point S - physical system (in sec^-2)

     -1.5393540798192496e-06      1.7412232537212111e-13     -8.0205321514076984e-09
      1.7412232537212111e-13     -1.5351504710603205e-06     -2.0618302211545258e-11
     -8.0205321514076984e-09     -2.0618302211545258e-11      3.0851395391073579e-06

  Full Eotvos matrix W at point S - physical system (in sec^-2)

     -1.5339550098192496e-06      5.0427412232537212e-10     -4.5517721514076984e-09
      5.0427412232537212e-10     -1.5371479110603205e-06     -4.8900283022115453e-09
     -4.5517721514076984e-09     -4.8900283022115453e-09      3.0817378991073579e-06


 2ù^2 -ÓUii = 6.8571312522255564e-09  Eotvos 
 2ù^2 -ÓWii = 1.0006857131252226e-05  Eotvos 

  Rotated Disturbance matrix T at point S - geometric system (in Eotvos units)

      5.3990815243382809e+00      5.0428455049809596e-01      3.4688098175778671e+00
      5.0428455049809596e-01     -1.9975533366619126e+00     -4.8694838416982201e+00
      3.4688098175778671e+00     -4.8694838416982201e+00     -3.4017972942188348e+00

  Full Eotvos matrix W at point S - geometric system (in Eotvos units)

     -1.5339550623635029e+03      5.0428455049809596e-01     -4.5332309367956011e+00
      5.0428455049809596e-01     -1.5371480252100495e+03     -4.8694838416982201e+00
     -4.5332309367956011e+00     -4.8694838416982201e+00      3.0817378067016549e+03

 2ù^2 -ÓUGii = 0.0000000000000000e+00  Eotvos 
 2ù^2 -ÓWGii = 2.6910654246641767e-04  Eotvos 


  ÓWGi^2 - gS = -1.2174767382e-14  mgal  (geometric) 

 Geometric system on surface:
 Point   0 :  x =   -3.029756e+00 m ,  y =    0.000000e+00 m ,  z =    6.525573e-01 m 	g =     9.8110773744959037e+05 mgal
 Point   1 :  x =    0.000000e+00 m ,  y =   -3.176151e+00 m ,  z =    5.446208e-01 m 	g =     9.8110777053127027e+05 mgal
 Point   2 :  x =    0.000000e+00 m ,  y =    0.000000e+00 m ,  z =    1.903788e+00 m 	g =     9.8110735322469882e+05 mgal


  ÓWi^2 - gS = 0.0000000000e+00  mgal  (physical) 

 Physical system on surface:
 Point   0 :  x =   -3.029756e+00 m ,  y =    0.000000e+00 m ,  z =    6.525573e-01 m 	g =     9.8110773744210326e+05 mgal
 Point   1 :  x =    0.000000e+00 m ,  y =   -3.176151e+00 m ,  z =    5.446208e-01 m 	g =     9.8110777053123261e+05 mgal
 Point   2 :  x =    0.000000e+00 m ,  y =    0.000000e+00 m ,  z =    1.903788e+00 m 	g =     9.8110735322467229e+05 mgal


 Point 3 (S) :  Latitude =   4.330000e+01 deg  -  Longitude =   3.596000e+02 deg 
  - Orthometric Height =   1.970000e+02  -   Geometric Height =   2.470000e+02 m 

 Ellipsoid parameters 
  k1 = 1.570973452549e-07 m^-1 
  k2 = 1.565385658252e-07 m^-1 
   J = 1.568179555400e-07 m^-1 
   k = 8.285269708748e-10 m^-1 

 Foot on ellipsoid
  gamma (ell) = 9.8046616111688052e+00
 Point S  (on surface) 
  gamma = 9.8038994508247658e+00
 dg = -2.3507600000000000e-05
  g = 9.8038759432247658e+00

 ksi =    8.796490e+00 arcsec
 eta =    1.300500e-01 arcsec

  Disturbance matrix  T at point S - physical system (in Eotvos units)

     1.938308000000e+01     3.243170000000e+00    -5.075710000000e+00
     3.243170000000e+00     1.129550000000e+00     9.025700000000e-01
    -5.075710000000e+00     9.025700000000e-01    -2.051263000000e+01

  Constant part of Normal Eotvos matrix U at ellipsoid - geometric system (in  sec^-2)

     -1.5402863102373457e-06      0.0000000000000000e+00     -8.1234265851541887e-09
      0.0000000000000000e+00     -1.5348076670136175e-06      0.0000000000000000e+00
     -8.1234265851541887e-09      0.0000000000000000e+00      3.0857289654856082e-06

  Complete Normal Eotvos matrix U at point S - geometric system (in sec^-2)

     -1.5402265424394489e-06      0.0000000000000000e+00     -8.1226255399986434e-09
      0.0000000000000000e+00     -1.5347483236356376e-06      0.0000000000000000e+00
     -8.1226255399986434e-09      0.0000000000000000e+00      3.0856098543097314e-06

  Rotated Normal Eotvos matrix U at point S - physical system (in sec^-2)

     -1.5402272268308114e-06      8.3349248860194907e-15     -7.9253493747209697e-09
      8.3349248860194907e-15     -1.5347483236338088e-06     -9.7793592613378230e-13
     -7.9253493747209697e-09     -9.7793592613378230e-13      3.0856105386992532e-06

  Full Eotvos matrix W at point S - physical system (in sec^-2)

     -1.5208441468308114e-06      3.2431783349248860e-09     -1.3001059374720970e-08
      3.2431783349248860e-09     -1.5336187736338088e-06      9.0159206407386622e-10
     -1.3001059374720970e-08      9.0159206407386622e-10      3.0650979086992532e-06


 2ù^2 -ÓUii = 1.1974207184956617e-11  Eotvos 
 2ù^2 -ÓWii = 1.1974207184956617e-11  Eotvos 

  Rotated Disturbance matrix T at point S - geometric system (in Eotvos units)

      1.9383508996930809e+01      3.2432161455668734e+00     -5.0740070572402699e+00
      3.2432161455668734e+00      1.1295549922871316e+00      9.0269609074193453e-01
     -5.0740070572402699e+00      9.0269609074193453e-01     -2.0513061712610101e+01

  Full Eotvos matrix W at point S - geometric system (in Eotvos units)

     -1.5208430334425180e+03      3.2432161455668734e+00     -1.3196632597238913e+01
      3.2432161455668734e+00     -1.5336187686433504e+03      9.0269609074193453e-01
     -1.3196632597238913e+01      9.0269609074193453e-01      3.0650967925971213e+03

 2ù^2 -ÓUGii = 0.0000000000000000e+00  Eotvos 
 2ù^2 -ÓWGii = -2.2766078396248478e-06  Eotvos 


  ÓWGi^2 - gS = -1.0814426774e-12  mgal  (geometric) 

 Geometric system on surface:
 Point   0 :  x =   -3.583100e+00 m ,  y =    0.000000e+00 m ,  z =    6.580473e-01 m 	g =     9.8038738787292267e+05 mgal
 Point   1 :  x =    0.000000e+00 m ,  y =   -3.473293e+00 m ,  z =    9.159873e-01 m 	g =     9.8038731387679980e+05 mgal
 Point   2 :  x =    0.000000e+00 m ,  y =    0.000000e+00 m ,  z =    1.505746e+00 m 	g =     9.8038713279683815e+05 mgal


  ÓWi^2 - gS = 0.0000000000e+00  mgal  (physical) 

 Physical system on surface:
 Point   0 :  x =   -3.583100e+00 m ,  y =    0.000000e+00 m ,  z =    6.580473e-01 m 	g =     9.8038738796612669e+05 mgal
 Point   1 :  x =    0.000000e+00 m ,  y =   -3.473293e+00 m ,  z =    9.159873e-01 m 	g =     9.8038731387655016e+05 mgal
 Point   2 :  x =    0.000000e+00 m ,  y =    0.000000e+00 m ,  z =    1.505746e+00 m 	g =     9.8038713279658502e+05 mgal


 Point 4 (S) :  Latitude =   3.730000e+01 deg  -  Longitude =   3.540000e+02 deg 
  - Orthometric Height =   7.000000e+00  -   Geometric Height =   5.600000e+01 m 

 Ellipsoid parameters 
  k1 = 1.572605672485e-07 m^-1 
  k2 = 1.565927608700e-07 m^-1 
   J = 1.569266640592e-07 m^-1 
   k = 7.998940136089e-10 m^-1 

 Foot on ellipsoid
  gamma (ell) = 9.7993174699105187e+00
 Point S  (on surface) 
  gamma = 9.7991446443974950e+00
 dg = 1.0140430000000000e-04
  g = 9.7992460486974950e+00

 ksi =   -1.763323e+01 arcsec
 eta =    8.659660e+00 arcsec

  Disturbance matrix  T at point S - physical system (in Eotvos units)

     5.784970000000e+00    -5.023100000000e-01    -1.878205000000e+01
    -5.023100000000e-01    -7.412200000000e-01     1.072980000000e+01
    -1.878205000000e+01     1.072980000000e+01    -5.043750000000e+00

  Constant part of Normal Eotvos matrix U at ellipsoid - geometric system (in  sec^-2)

     -1.5410462239660389e-06      0.0000000000000000e+00     -7.8384153816347429e-09
      0.0000000000000000e+00     -1.5345021772549783e-06      0.0000000000000000e+00
     -7.8384153816347429e-09      0.0000000000000000e+00      3.0861833894556622e-06

  Complete Normal Eotvos matrix U at point S - geometric system (in sec^-2)

     -1.5410326526010520e-06      0.0000000000000000e+00     -7.8382399976270293e-09
      0.0000000000000000e+00     -1.5344887209067585e-06      0.0000000000000000e+00
     -7.8382399976270293e-09      0.0000000000000000e+00      3.0861563617424554e-06

  Rotated Normal Eotvos matrix U at point S - physical system (in sec^-2)

     -1.5410312786440126e-06      5.4389175749712836e-13     -8.2338042406695659e-09
      5.4389175749712836e-13     -1.5344887127905514e-06     -6.5131329028591440e-11
     -8.2338042406695659e-09     -6.5131329028591440e-11      3.0861549796256933e-06

  Full Eotvos matrix W at point S - physical system (in sec^-2)

     -1.5352463086440126e-06     -5.0176610824250287e-10     -2.7015854240669566e-08
     -5.0176610824250287e-10     -1.5352299327905514e-06      1.0664668670971409e-08
     -2.7015854240669566e-08      1.0664668670971409e-08      3.0811112296256933e-06


 2ù^2 -ÓUii = 4.3515704271592842e-08  Eotvos 
 2ù^2 -ÓWii = 4.3515704271592842e-08  Eotvos 

  Rotated Disturbance matrix T at point S - geometric system (in Eotvos units)

      5.7817909126723192e+00     -5.0380709615532981e-01     -1.8783339788613483e+01
     -5.0380709615532981e-01     -7.4035130721793779e-01      1.0729600439863557e+01
     -1.8783339788613483e+01      1.0729600439863557e+01     -5.0396376520271691e+00

  Full Eotvos matrix W at point S - geometric system (in Eotvos units)

     -1.5352508616883797e+03     -5.0380709615532981e-01     -2.6621579786240512e+01
     -5.0380709615532981e-01     -1.5352290722139764e+03      1.0729600439863557e+01
     -2.6621579786240512e+01      1.0729600439863557e+01      3.0811167240904283e+03

 2ù^2 -ÓUGii = 0.0000000000000000e+00  Eotvos 
 2ù^2 -ÓWGii = -1.8019534272122501e-03  Eotvos 


  ÓWGi^2 - gS = -2.6876121573e-11  mgal  (geometric) 

 Geometric system on surface:
 Point   0 :  x =   -2.286596e+00 m ,  y =    0.000000e+00 m ,  z =    9.642911e-01 m 	g =     9.7992430170287051e+05 mgal
 Point   1 :  x =    0.000000e+00 m ,  y =    2.413048e+00 m ,  z =    9.689381e-01 m 	g =     9.7992430375478679e+05 mgal
 Point   2 :  x =    0.000000e+00 m ,  y =    0.000000e+00 m ,  z =    1.741325e+00 m 	g =     9.7992406834671924e+05 mgal


  ÓWi^2 - gS = 0.0000000000e+00  mgal  (physical) 

 Physical system on surface:
 Point   0 :  x =   -2.286596e+00 m ,  y =    0.000000e+00 m ,  z =    9.642911e-01 m 	g =     9.7992430158350139e+05 mgal
 Point   1 :  x =    0.000000e+00 m ,  y =    2.413048e+00 m ,  z =    9.689381e-01 m 	g =     9.7992430375570769e+05 mgal
 Point   2 :  x =    0.000000e+00 m ,  y =    0.000000e+00 m ,  z =    1.741325e+00 m 	g =     9.7992406834814831e+05 mgal


 Point 5 (S) :  Latitude =   4.345460e+01 deg  -  Longitude =   1.189730e+01 deg 
  - Orthometric Height =   2.640000e+02  -   Geometric Height =   3.100000e+02 m 

 Ellipsoid parameters 
  k1 = 1.570930821367e-07 m^-1 
  k2 = 1.565371498275e-07 m^-1 
   J = 1.568151159821e-07 m^-1 
   k = 8.287884911248e-10 m^-1 

 Foot on ellipsoid
  gamma (ell) = 9.8048012824133897e+00
 Point S  (on surface) 
  gamma = 9.8038447332868979e+00
 dg = 5.7612880000000000e-04
  g = 9.8044208620868979e+00

 ksi =    8.618210e+00 arcsec
 eta =    3.341130e+00 arcsec

  Disturbance matrix  T at point S - physical system (in Eotvos units)

    -4.464340000000e+00    -3.265770000000e+00     2.119580000000e+00
    -3.265770000000e+00    -3.260370000000e+00    -3.289220000000e+00
     2.119580000000e+00    -3.289220000000e+00     7.724710000000e+00

  Constant part of Normal Eotvos matrix U at ellipsoid - geometric system (in  sec^-2)

     -1.5402664531923905e-06      0.0000000000000000e+00     -8.1261064606296339e-09
      0.0000000000000000e+00     -1.5348156473737587e-06      0.0000000000000000e+00
     -8.1261064606296339e-09      0.0000000000000000e+00      3.0857170888007942e-06

  Complete Normal Eotvos matrix U at point S - geometric system (in sec^-2)

     -1.5401914439790129e-06      0.0000000000000000e+00     -8.1251007900075479e-09
      0.0000000000000000e+00     -1.5347411681170040e-06      0.0000000000000000e+00
     -8.1251007900075479e-09      0.0000000000000000e+00      3.0855676003306619e-06

  Rotated Normal Eotvos matrix U at point S - physical system (in sec^-2)

     -1.5401921148763852e-06      2.1421959492729280e-13     -7.9318249389242774e-09
      2.1421959492729280e-13     -1.5347411669100028e-06     -2.5123656256658092e-11
     -7.9318249389242774e-09     -2.5123656256658092e-11      3.0855682700130817e-06

  Full Eotvos matrix W at point S - physical system (in sec^-2)

     -1.5446564548763852e-06     -3.2655557804050727e-09     -5.8122449389242774e-09
     -3.2655557804050727e-09     -1.5380015369100028e-06     -3.3143436562566581e-09
     -5.8122449389242774e-09     -3.3143436562566581e-09      3.0932929800130817e-06


 2ù^2 -ÓUii = 7.9513293040132400e-09  Eotvos 
 2ù^2 -ÓWii = 7.9513293040132400e-09  Eotvos 

  Rotated Disturbance matrix T at point S - geometric system (in Eotvos units)

     -4.4644168571978921e+00     -3.2658915848012281e+00      2.1190682859600053e+00
     -3.2658915848012281e+00     -3.2605768137498043e+00     -3.2892841406145072e+00
      2.1190682859600053e+00     -3.2892841406145072e+00      7.7247805461826501e+00

  Full Eotvos matrix W at point S - geometric system (in Eotvos units)

     -1.5446558608362108e+03     -3.2658915848012281e+00     -6.0060325040475426e+00
     -3.2658915848012281e+00     -1.5380017449307538e+03     -3.2892841406145072e+00
     -6.0060325040475426e+00     -3.2892841406145072e+00      3.0932923808768446e+03

 2ù^2 -ÓUGii = 0.0000000000000000e+00  Eotvos 
 2ù^2 -ÓWGii = 2.1312476504622361e-04  Eotvos 


  ÓWGi^2 - gS = -1.3179199130e-12  mgal  (geometric) 

 Geometric system on surface:
 Point   0 :  x =    3.450197e+00 m ,  y =    0.000000e+00 m ,  z =    6.361262e-01 m 	g =     9.8044189153076165e+05 mgal
 Point   1 :  x =    0.000000e+00 m ,  y =    2.170851e+00 m ,  z =    6.577296e-01 m 	g =     9.8044188347320640e+05 mgal
 Point   2 :  x =    0.000000e+00 m ,  y =    0.000000e+00 m ,  z =    1.858535e+00 m 	g =     9.8044151130953140e+05 mgal


  ÓWi^2 - gS = 0.0000000000e+00  mgal  (physical) 

 Physical system on surface:
 Point   0 :  x =    3.450197e+00 m ,  y =    0.000000e+00 m ,  z =    6.361262e-01 m 	g =     9.8044189144155791e+05 mgal
 Point   1 :  x =    0.000000e+00 m ,  y =    2.170851e+00 m ,  z =    6.577296e-01 m 	g =     9.8044188347314897e+05 mgal
 Point   2 :  x =    0.000000e+00 m ,  y =    0.000000e+00 m ,  z =    1.858535e+00 m 	g =     9.8044151130936293e+05 mgal


 Point 6 (S) :  Latitude =   5.220000e+01 deg  -  Longitude =   4.500000e+00 deg 
  - Orthometric Height =   0.000000e+00  -   Geometric Height =   4.300000e+01 m 

 Ellipsoid parameters 
  k1 = 1.568537082739e-07 m^-1 
  k2 = 1.564576004923e-07 m^-1 
   J = 1.566556543831e-07 m^-1 
   k = 8.043535789354e-10 m^-1 

 Foot on ellipsoid
  gamma (ell) = 9.8126511927196235e+00
 Point S  (on surface) 
  gamma = 9.8125185360331285e+00
 dg = 1.4768010000000000e-04
  g = 9.8126662161331285e+00

 ksi =    2.103190e+00 arcsec
 eta =   -1.788000e-02 arcsec

  Disturbance matrix  T at point S - physical system (in Eotvos units)

    -3.056380000000e+00    -7.652000000000e-01    -6.235600000000e-01
    -7.652000000000e-01    -1.156080000000e+00    -2.729970000000e+00
    -6.235600000000e-01    -2.729970000000e+00     4.212460000000e+00

  Constant part of Normal Eotvos matrix U at ellipsoid - geometric system (in  sec^-2)

     -1.5391507275761809e-06      0.0000000000000000e+00     -7.8928411057086553e-09
      0.0000000000000000e+00     -1.5352638600811645e-06      0.0000000000000000e+00
     -7.8928411057086553e-09      0.0000000000000000e+00      3.0850495758919904e-06

  Complete Normal Eotvos matrix U at point S - geometric system (in sec^-2)

     -1.5391403464517147e-06      0.0000000000000000e+00     -7.8927057754141418e-09
      0.0000000000000000e+00     -1.5352535313220787e-06      0.0000000000000000e+00
     -7.8927057754141418e-09      0.0000000000000000e+00      3.0850288660084384e-06

  Rotated Normal Eotvos matrix U at point S - physical system (in sec^-2)

     -1.5391405069277247e-06     -1.1171889557865657e-15     -7.8455551879241941e-09
     -1.1171889557865657e-15     -1.5352535313220442e-06      1.3434706466335847e-13
     -7.8455551879241941e-09      1.3434706466335847e-13      3.0850290264844135e-06

  Full Eotvos matrix W at point S - physical system (in sec^-2)

     -1.5421968869277247e-06     -7.6520111718895579e-10     -8.4691151879241941e-09
     -7.6520111718895579e-10     -1.5364096113220442e-06     -2.7298356529353366e-09
     -8.4691151879241941e-09     -2.7298356529353366e-09      3.0892414864844135e-06


 2ù^2 -ÓUii = 3.0461689899708456e-13  Eotvos 
 2ù^2 -ÓWii = 3.0461689899708456e-13  Eotvos 

  Rotated Disturbance matrix T at point S - geometric system (in Eotvos units)

     -3.0563674539525672e+00     -7.6522756998393889e-01     -6.2363435573289016e-01
     -7.6522756998393889e-01     -1.1560793556659026e+00     -2.7299780677744577e+00
     -6.2363435573289016e-01     -2.7299780677744577e+00      4.2124477562076623e+00

  Full Eotvos matrix W at point S - geometric system (in Eotvos units)

     -1.5421967139056673e+03     -7.6522756998393889e-01     -8.5163401311470319e+00
     -7.6522756998393889e-01     -1.5364096106777446e+03     -2.7299780677744577e+00
     -8.5163401311470319e+00     -2.7299780677744577e+00      3.0892413137646461e+03

 2ù^2 -ÓUGii = -3.6734198463196485e-31  Eotvos 
 2ù^2 -ÓWGii = -9.4658919252292529e-07  Eotvos 


  ÓWGi^2 - gS = -3.5362425465e-15  mgal  (geometric) 

 Geometric system on surface:
 Point   0 :  x =   -2.757547e+00 m ,  y =    0.000000e+00 m ,  z =    9.465202e-01 m 	g =     9.8126632685763338e+05 mgal
 Point   1 :  x =    0.000000e+00 m ,  y =    3.787303e+00 m ,  z =    5.990776e-01 m 	g =     9.8126643757766877e+05 mgal
 Point   2 :  x =    0.000000e+00 m ,  y =    0.000000e+00 m ,  z =    1.693770e+00 m 	g =     9.8126609836690154e+05 mgal


  ÓWi^2 - gS = 0.0000000000e+00  mgal  (physical) 

 Physical system on surface:
 Point   0 :  x =   -2.757547e+00 m ,  y =    0.000000e+00 m ,  z =    9.465202e-01 m 	g =     9.8126632687496757e+05 mgal
 Point   1 :  x =    0.000000e+00 m ,  y =    3.787303e+00 m ,  z =    5.990776e-01 m 	g =     9.8126643757764677e+05 mgal
 Point   2 :  x =    0.000000e+00 m ,  y =    0.000000e+00 m ,  z =    1.693770e+00 m 	g =     9.8126609836685759e+05 mgal


 Point 7 (S) :  Latitude =   5.700000e+01 deg  -  Longitude =   9.900000e+00 deg 
  - Orthometric Height =   2.000000e+00  -   Geometric Height =   4.200000e+01 m 

 Ellipsoid parameters 
  k1 = 1.567287361077e-07 m^-1 
  k2 = 1.564160372620e-07 m^-1 
   J = 1.565723866848e-07 m^-1 
   k = 7.588618711280e-10 m^-1 

 Foot on ellipsoid
  gamma (ell) = 9.8167552392509834e+00
 Point S  (on surface) 
  gamma = 9.8166256822510277e+00
 dg = -3.1741000000000000e-06
  g = 9.8166225081510277e+00

 ksi =    1.446020e+00 arcsec
 eta =    1.217220e+00 arcsec

  Disturbance matrix  T at point S - physical system (in Eotvos units)

     3.637890000000e+00     3.680100000000e+00     4.010300000000e+00
     3.680100000000e+00     6.759850000000e+00    -4.228050000000e+00
     4.010300000000e+00    -4.228050000000e+00    -1.039774000000e+01

  Constant part of Normal Eotvos matrix U at ellipsoid - geometric system (in  sec^-2)

     -1.5385676413261944e-06      0.0000000000000000e+00     -7.4495612492632477e-09
      0.0000000000000000e+00     -1.5354979532945739e-06      0.0000000000000000e+00
     -7.4495612492632477e-09      0.0000000000000000e+00      3.0847005828554133e-06

  Complete Normal Eotvos matrix U at point S - geometric system (in sec^-2)

     -1.5385575135401971e-06      0.0000000000000000e+00     -7.4494365677092458e-09
      0.0000000000000000e+00     -1.5354878658813606e-06      0.0000000000000000e+00
     -7.4494365677092458e-09      0.0000000000000000e+00      3.0846803676562027e-06

  Rotated Normal Eotvos matrix U at point S - physical system (in sec^-2)

     -1.5385576177621118e-06      7.1792113372628275e-14     -7.4170250967126219e-09
      7.1792113372628275e-14     -1.5354878657215157e-06     -9.1424660718350538e-12
     -7.4170250967126219e-09     -9.1424660718350538e-12      3.0846804717166793e-06

  Full Eotvos matrix W at point S - physical system (in sec^-2)

     -1.5349197277621118e-06      3.6801717921133726e-09     -3.4067250967126219e-09
      3.6801717921133726e-09     -1.5287280157215157e-06     -4.2371924660718351e-09
     -3.4067250967126219e-09     -4.2371924660718351e-09      3.0742827317166793e-06


 2ù^2 -ÓUii = 1.5932773792968703e-09  Eotvos 
 2ù^2 -ÓWii = 1.5932773792968703e-09  Eotvos 

  Rotated Disturbance matrix T at point S - geometric system (in Eotvos units)

      3.6377668877377105e+00      3.6800656557389235e+00      4.0104585351210152e+00
      3.6800656557389235e+00      6.7598669808310356e+00     -4.2280456705978707e+00
      4.0104585351210152e+00     -4.2280456705978707e+00     -1.0397733672431620e+01

  Full Eotvos matrix W at point S - geometric system (in Eotvos units)

     -1.5349197466524594e+03      3.6800656557389235e+00     -3.4389780325882305e+00
      3.6800656557389235e+00     -1.5287279989005296e+03     -4.2280456705978707e+00
     -3.4389780325882305e+00     -4.2280456705978707e+00      3.0742826339837711e+03

 2ù^2 -ÓUGii = -3.6734198463196485e-31  Eotvos 
 2ù^2 -ÓWGii = 9.9803862874422318e-05  Eotvos 


  ÓWGi^2 - gS = -2.3073245901e-15  mgal  (geometric) 

 Geometric system on surface:
 Point   0 :  x =    2.574793e+00 m ,  y =    0.000000e+00 m ,  z =    5.975579e-01 m 	g =     9.8166206799714892e+05 mgal
 Point   1 :  x =    0.000000e+00 m ,  y =   -2.157894e+00 m ,  z =    7.556052e-01 m 	g =     9.8166201760640344e+05 mgal
 Point   2 :  x =    0.000000e+00 m ,  y =    0.000000e+00 m ,  z =    1.961914e+00 m 	g =     9.8166164766729846e+05 mgal


  ÓWi^2 - gS = 0.0000000000e+00  mgal  (physical) 

 Physical system on surface:
 Point   0 :  x =    2.574793e+00 m ,  y =    0.000000e+00 m ,  z =    5.975579e-01 m 	g =     9.8166206798607064e+05 mgal
 Point   1 :  x =    0.000000e+00 m ,  y =   -2.157894e+00 m ,  z =    7.556052e-01 m 	g =     9.8166201760635971e+05 mgal
 Point   2 :  x =    0.000000e+00 m ,  y =    0.000000e+00 m ,  z =    1.961914e+00 m 	g =     9.8166164766726964e+05 mgal


 Point 8 (S) :  Latitude =   4.990000e+01 deg  -  Longitude =   1.160000e+01 deg 
  - Orthometric Height =   4.130000e+02  -   Geometric Height =   4.600000e+02 m 

 Ellipsoid parameters 
  k1 = 1.569157773354e-07 m^-1 
  k2 = 1.564782352096e-07 m^-1 
   J = 1.566970062725e-07 m^-1 
   k = 8.182110656829e-10 m^-1 

 Foot on ellipsoid
  gamma (ell) = 9.8106143367198444e+00
 Point S  (on surface) 
  gamma = 9.8091951852136803e+00
 dg = 3.0426110000000000e-04
  g = 9.8094994463136803e+00

 ksi =   -1.158170e+00 arcsec
 eta =   -2.110500e+00 arcsec

  Disturbance matrix  T at point S - physical system (in Eotvos units)

     4.456690000000e+00     4.417340000000e+00    -8.421400000000e-01
     4.417340000000e+00     1.105610000000e+00    -7.536090000000e+00
    -8.421400000000e-01    -7.536090000000e+00    -5.562300000000e+00

  Constant part of Normal Eotvos matrix U at ellipsoid - geometric system (in  sec^-2)

     -1.5394401747839214e-06      0.0000000000000000e+00     -8.0271532114516096e-09
      0.0000000000000000e+00     -1.5351476177318018e-06      0.0000000000000000e+00
     -8.0271532114516096e-09      0.0000000000000000e+00      3.0852227807503681e-06

  Complete Normal Eotvos matrix U at point S - geometric system (in sec^-2)

     -1.5393290560561451e-06      0.0000000000000000e+00     -8.0256804002048389e-09
      0.0000000000000000e+00     -1.5350371178243977e-06      0.0000000000000000e+00
     -8.0256804002048389e-09      0.0000000000000000e+00      3.0850011621151878e-06

  Rotated Normal Eotvos matrix U at point S - physical system (in sec^-2)

     -1.5393289657838634e-06     -1.3435748871761193e-13     -8.0516452840530965e-09
     -1.3435748871761193e-13     -1.5350371173433404e-06      1.5858903883489542e-11
     -8.0516452840530965e-09      1.5858903883489542e-11      3.0850010713578489e-06

  Full Eotvos matrix W at point S - physical system (in sec^-2)

     -1.5348722757838634e-06      4.4172056425112824e-09     -8.8937852840530965e-09
      4.4172056425112824e-09     -1.5339315073433404e-06     -7.5202310961165105e-09
     -8.8937852840530965e-09     -7.5202310961165105e-09      3.0794387713578489e-06


 2ù^2 -ÓUii = 3.9998732186320843e-09  Eotvos 
 2ù^2 -ÓWii = 3.9998732186320843e-09  Eotvos 

  Rotated Disturbance matrix T at point S - geometric system (in Eotvos units)

      4.4567878926147721e+00      4.4173502136851069e+00     -8.4233302400286688e-01
      4.4173502136851069e+00      1.1056568679927909e+00     -7.5360692063632953e+00
     -8.4233302400286688e-01     -7.5360692063632953e+00     -5.5621363241671191e+00

  Full Eotvos matrix W at point S - geometric system (in Eotvos units)

     -1.5348722681635303e+03      4.4173502136851069e+00     -8.8680134242077058e+00
      4.4173502136851069e+00     -1.5339314609564049e+03     -7.5360692063632953e+00
     -8.8680134242077058e+00     -7.5360692063632953e+00      3.0794390257910207e+03

 2ù^2 -ÓUGii = 0.0000000000000000e+00  Eotvos 
 2ù^2 -ÓWGii = -3.0843644044389815e-04  Eotvos 


  ÓWGi^2 - gS = -6.0676017934e-15  mgal  (geometric) 

 Geometric system on surface:
 Point   0 :  x =    2.686370e+00 m ,  y =    0.000000e+00 m ,  z =    9.676598e-01 m 	g =     9.8094964902639407e+05 mgal
 Point   1 :  x =    0.000000e+00 m ,  y =   -2.972966e+00 m ,  z =    9.319509e-01 m 	g =     9.8094965540697006e+05 mgal
 Point   2 :  x =    0.000000e+00 m ,  y =    0.000000e+00 m ,  z =    1.932077e+00 m 	g =     9.8094934966001209e+05 mgal


  ÓWi^2 - gS = 0.0000000000e+00  mgal  (physical) 

 Physical system on surface:
 Point   0 :  x =    2.686370e+00 m ,  y =    0.000000e+00 m ,  z =    9.676598e-01 m 	g =     9.8094964903565726e+05 mgal
 Point   1 :  x =    0.000000e+00 m ,  y =   -2.972966e+00 m ,  z =    9.319509e-01 m 	g =     9.8094965540705545e+05 mgal
 Point   2 :  x =    0.000000e+00 m ,  y =    0.000000e+00 m ,  z =    1.932077e+00 m 	g =     9.8094934966008572e+05 mgal


 Point 9 (S) :  Latitude =   3.797422e+01 deg  -  Longitude =   2.378800e+01 deg 
  - Orthometric Height =   1.930000e+02  -   Geometric Height =   2.320000e+02 m 

 Ellipsoid parameters 
  k1 = 1.572425517414e-07 m^-1 
  k2 = 1.565867809735e-07 m^-1 
   J = 1.569146663575e-07 m^-1 
   k = 8.048899328657e-10 m^-1 

 Foot on ellipsoid
  gamma (ell) = 9.7999069955353992e+00
 Point S  (on surface) 
  gamma = 9.7991910256064857e+00
 dg = 1.0558823000000000e-03
  g = 9.8002469079064857e+00

 ksi =   -5.359550e+00 arcsec
 eta =   -4.912700e+00 arcsec

  Disturbance matrix  T at point S - physical system (in Eotvos units)

    -1.355237000000e+01    -1.072987000000e+01    -2.118570000000e+00
    -1.072987000000e+01    -1.107468000000e+01     1.008200000000e+00
    -2.118570000000e+00     1.008200000000e+00     2.462705000000e+01

  Constant part of Normal Eotvos matrix U at ellipsoid - geometric system (in  sec^-2)

     -1.5409623828060501e-06      0.0000000000000000e+00     -7.8878464837261684e-09
      0.0000000000000000e+00     -1.5345358902709805e-06      0.0000000000000000e+00
     -7.8878464837261684e-09      0.0000000000000000e+00      3.0861332613116757e-06

  Complete Normal Eotvos matrix U at point S - geometric system (in sec^-2)

     -1.5409061680791774e-06      0.0000000000000000e+00     -7.8871153763040579e-09
      0.0000000000000000e+00     -1.5344801434467803e-06      0.0000000000000000e+00
     -7.8871153763040579e-09      0.0000000000000000e+00      3.0860212997606027e-06

  Rotated Normal Eotvos matrix U at point S - physical system (in sec^-2)

     -1.5409057550851776e-06     -3.0826946585976865e-13     -8.0073386203640220e-09
     -3.0826946585976865e-13     -1.5344801408349472e-06      3.6951497542540490e-11
     -8.0073386203640220e-09      3.6951497542540490e-11      3.0860208841406584e-06

  Full Eotvos matrix W at point S - physical system (in sec^-2)

     -1.5544581250851776e-06     -1.0730178269465860e-08     -1.0125908620364022e-08
     -1.0730178269465860e-08     -1.5455548208349472e-06      1.0451514975425405e-09
     -1.0125908620364022e-08      1.0451514975425405e-09      3.1106479341406584e-06


 2ù^2 -ÓUii = 1.4111347973396484e-08  Eotvos 
 2ù^2 -ÓWii = 1.4111347973396484e-08  Eotvos 

  Rotated Disturbance matrix T at point S - geometric system (in Eotvos units)

     -1.3552879025167283e+01     -1.0729799695194070e+01     -2.1173036621294765e+00
     -1.0729799695194070e+01     -1.1074329085111016e+01      1.0081560346471432e+00
     -2.1173036621294765e+00      1.0081560346471432e+00      2.4627112067239214e+01

  Full Eotvos matrix W at point S - geometric system (in Eotvos units)

     -1.5544590471043447e+03     -1.0729799695194070e+01     -1.0004419038433534e+01
     -1.0729799695194070e+01     -1.5455544725318913e+03      1.0081560346471432e+00
     -1.0004419038433534e+01      1.0081560346471432e+00      3.1106484118278419e+03

 2ù^2 -ÓUGii = 3.6734198463196485e-31  Eotvos 
 2ù^2 -ÓWGii = 9.6043039085224650e-05  Eotvos 


  ÓWGi^2 - gS = -5.0426595362e-13  mgal  (geometric) 

 Geometric system on surface:
 Point   0 :  x =    3.603556e+00 m ,  y =    0.000000e+00 m ,  z =    6.734015e-01 m 	g =     9.8002448490960344e+05 mgal
 Point   1 :  x =    0.000000e+00 m ,  y =    3.053752e+00 m ,  z =    8.095277e-01 m 	g =     9.8002443865583199e+05 mgal
 Point   2 :  x =    0.000000e+00 m ,  y =    0.000000e+00 m ,  z =    1.910631e+00 m 	g =     9.8002409646047529e+05 mgal


  ÓWi^2 - gS = 0.0000000000e+00  mgal  (physical) 

 Physical system on surface:
 Point   0 :  x =    3.603556e+00 m ,  y =    0.000000e+00 m ,  z =    6.734015e-01 m 	g =     9.8002448496807796e+05 mgal
 Point   1 :  x =    0.000000e+00 m ,  y =    3.053752e+00 m ,  z =    8.095277e-01 m 	g =     9.8002443865591846e+05 mgal
 Point   2 :  x =    0.000000e+00 m ,  y =    0.000000e+00 m ,  z =    1.910631e+00 m 	g =     9.8002409646061126e+05 mgal


 Point 10 (S) :  Latitude =   4.780000e+01 deg  -  Longitude =   2.170000e+01 deg 
  - Orthometric Height =   1.150000e+02  -   Geometric Height =   1.550000e+02 m 

 Ellipsoid parameters 
  k1 = 1.569732240079e-07 m^-1 
  k2 = 1.564973283761e-07 m^-1 
   J = 1.567352761920e-07 m^-1 
   k = 8.262575120422e-10 m^-1 

 Foot on ellipsoid
  gamma (ell) = 9.8087300386136958e+00
 Point S  (on surface) 
  gamma = 9.8082518100360697e+00
 dg = 1.8153310000000000e-04
  g = 9.8084333431360697e+00

 ksi =    3.424640e+00 arcsec
 eta =    2.886220e+00 arcsec

  Disturbance matrix  T at point S - physical system (in Eotvos units)

    -7.591900000000e-01    -2.053460000000e+00     4.672870000000e+00
    -2.053460000000e+00     4.236000000000e+00     2.051500000000e-01
     4.672870000000e+00     2.051500000000e-01    -3.476820000000e+00

  Constant part of Normal Eotvos matrix U at ellipsoid - geometric system (in  sec^-2)

     -1.5397079775839930e-06      0.0000000000000000e+00     -8.1045368779987550e-09
      0.0000000000000000e+00     -1.5350400458051516e-06      0.0000000000000000e+00
     -8.1045368779987550e-09      0.0000000000000000e+00      3.0853830116237896e-06

  Complete Normal Eotvos matrix U at point S - geometric system (in sec^-2)

     -1.5396705151805758e-06      0.0000000000000000e+00     -8.1040356768781520e-09
      0.0000000000000000e+00     -1.5350028102069032e-06      0.0000000000000000e+00
     -8.1040356768781520e-09      0.0000000000000000e+00      3.0853083136221240e-06

  Rotated Normal Eotvos matrix U at point S - physical system (in sec^-2)

     -1.5396707830125984e-06      1.8507356076951100e-13     -8.0272455794844353e-09
      1.8507356076951100e-13     -1.5350028093068552e-06     -2.1694287082378583e-11
     -8.0272455794844353e-09     -2.1694287082378583e-11      3.0853085805471430e-06

  Full Eotvos matrix W at point S - physical system (in sec^-2)

     -1.5404299730125984e-06     -2.0532749264392305e-09     -3.3543755794844353e-09
     -2.0532749264392305e-09     -1.5307668093068552e-06      1.8345571291762142e-10
     -3.3543755794844353e-09      1.8345571291762142e-10      3.0818317605471430e-06


 2ù^2 -ÓUii = 6.9555430754053993e-09  Eotvos 
 2ù^2 -ÓWii = 1.0006955543075405e-05  Eotvos 

  Rotated Disturbance matrix T at point S - geometric system (in Eotvos units)

     -7.5928179460888236e-01     -2.0534682921736118e+00      4.6728832225341522e+00
     -2.0534682921736118e+00      4.2359423635503568e+00      2.0512652820898858e-01
      4.6728832225341522e+00      2.0512652820898858e-01     -3.4766590918083298e+00

  Full Eotvos matrix W at point S - geometric system (in Eotvos units)

     -1.5404297969751847e+03     -2.0534682921736118e+00     -3.4311524543439999e+00
     -2.0534682921736118e+00     -1.5307668678433528e+03      2.0512652820898858e-01
     -3.4311524543439999e+00      2.0512652820898858e-01      3.0818316545303157e+03

 2ù^2 -ÓUGii = 3.6734198463196485e-31  Eotvos 
 2ù^2 -ÓWGii = -1.4771331446429974e-06  Eotvos 


  ÓWGi^2 - gS = -7.2672736881e-14  mgal  (geometric) 

 Geometric system on surface:
 Point   0 :  x =   -3.869030e+00 m ,  y =    0.000000e+00 m ,  z =    7.691658e-01 m 	g =     9.8084309593223048e+05 mgal
 Point   1 :  x =    0.000000e+00 m ,  y =    2.626577e+00 m ,  z =    7.156860e-01 m 	g =     9.8084311370299088e+05 mgal
 Point   2 :  x =    0.000000e+00 m ,  y =    0.000000e+00 m ,  z =    1.960294e+00 m 	g =     9.8084273018400757e+05 mgal


  ÓWi^2 - gS = 0.0000000000e+00  mgal  (physical) 

 Physical system on surface:
 Point   0 :  x =   -3.869030e+00 m ,  y =    0.000000e+00 m ,  z =    7.691658e-01 m 	g =     9.8084309597182983e+05 mgal
 Point   1 :  x =    0.000000e+00 m ,  y =    2.626577e+00 m ,  z =    7.156860e-01 m 	g =     9.8084311370303637e+05 mgal
 Point   2 :  x =    0.000000e+00 m ,  y =    0.000000e+00 m ,  z =    1.960294e+00 m 	g =     9.8084273018397604e+05 mgal


 Point 11 (S) :  Latitude =   5.520000e+01 deg  -  Longitude =   3.020000e+01 deg 
  - Orthometric Height =   1.380000e+02  -   Geometric Height =   1.570000e+02 m 

 Ellipsoid parameters 
  k1 = 1.567747246838e-07 m^-1 
  k2 = 1.564313347064e-07 m^-1 
   J = 1.566030296951e-07 m^-1 
   k = 7.784984447155e-10 m^-1 

 Foot on ellipsoid
  gamma (ell) = 9.8152445279169928e+00
 Point S  (on surface) 
  gamma = 9.8147602156897763e+00
 dg = 5.5166200000000000e-05
  g = 9.8148153818897763e+00

 ksi =    1.052130e+00 arcsec
 eta =    2.036420e+00 arcsec

  Disturbance matrix  T at point S - physical system (in Eotvos units)

     1.786210000000e+00    -1.694280000000e+00    -5.113400000000e-01
