
  1
    5.720000e+01    3.577000e+02    1.310000e+02    8.000000e+01

    9.8167369366718168e+05    2.2037280000000000e+01    9.8165165638718168e+05
     6.399593625864023e+06     1.000988356776127e+00

   -2.720655e+00    0.000000e+00    5.216034e-01    9.8167352995110318e+05
    0.000000e+00   -3.401122e+00    5.316572e-01    9.8167352800923829e+05
    0.000000e+00    0.000000e+00    1.587985e+00    9.8167320445919788e+05

    9.8167369064062333e+05
    9.8167369179601643e+05

   -2.720655e+00    0.000000e+00    5.216034e-01    9.8167352994599237e+05
    0.000000e+00   -3.401122e+00    5.316572e-01    9.8167352800908575e+05
    0.000000e+00    0.000000e+00    1.587985e+00    9.8167320445914892e+05

    9.8167369063552860e+05
    9.8167369179588029e+05

      1.3407700000000000e+00     -4.2183600000000000e+00     -3.7029900000000000e+00
     -4.2183600000000000e+00      2.5984400000000000e+00     -5.4630800000000000e+00
     -3.7029900000000000e+00     -5.4630800000000000e+00     -3.9392000000000000e+00

     -1.5385125104724821e+03      3.0516324370091810e-04     -7.4401100340363851e+00
      3.0516324370091810e-04     -1.5354759191556243e+03     -3.8931979887175894e-02
     -7.4401100340363851e+00     -3.8931979887175894e-02      3.0846234178336031e+03

      1.3410764820079418e+00     -4.2184854688213823e+00     -3.7028990398334340e+00
     -4.2184854688213823e+00      2.5978364089370743e+00     -5.4631008762170377e+00
     -3.7028990398334340e+00     -5.4631008762170377e+00     -3.9394520618040466e+00

     -1.5385125556999704e+03      0.0000000000000000e+00     -7.4260464524715267e+00
      0.0000000000000000e+00     -1.5354759220544787e+03      0.0000000000000000e+00
     -7.4260464524715267e+00      0.0000000000000000e+00      3.0846234659890940e+03

     -1.5354759220544787e+03
  -6.276600e-01   5.183760e+00


  2
    5.040000e+01    3.559000e+02    9.400000e+01    4.100000e+01

    9.8110793992223544e+05    3.0945620000000000e+01    9.8107699430223544e+05
     6.399593625864023e+06     1.001368224233734e+00

   -3.029756e+00    0.000000e+00    6.525573e-01    9.8110773744959037e+05
    0.000000e+00   -3.176151e+00    5.446208e-01    9.8110777053127027e+05
    0.000000e+00    0.000000e+00    1.903788e+00    9.8110735322469882e+05

    9.8110793855063755e+05
    9.8110793836911868e+05

   -3.029756e+00    0.000000e+00    6.525573e-01    9.8110773744210326e+05
    0.000000e+00   -3.176151e+00    5.446208e-01    9.8110777053123261e+05
    0.000000e+00    0.000000e+00    1.903788e+00    9.8110735322467229e+05

    9.8110793854315954e+05
    9.8110793836908861e+05

      5.3990700000000000e+00      5.0410000000000000e-01      3.4687600000000000e+00
      5.0410000000000000e-01     -1.9974400000000000e+00     -4.8694100000000000e+00
      3.4687600000000000e+00     -4.8694100000000000e+00     -3.4016400000000000e+00

     -1.5393540798192496e+03      1.7412232537212111e-04     -8.0205321514076984e+00
      1.7412232537212111e-04     -1.5351504710603205e+03     -2.0618302211545258e-02
     -8.0205321514076984e+00     -2.0618302211545258e-02      3.0851395391073579e+03

      5.3990815243382809e+00      5.0428455049809596e-01      3.4688098175778671e+00
      5.0428455049809596e-01     -1.9975533366619126e+00     -4.8694838416982201e+00
      3.4688098175778671e+00     -4.8694838416982201e+00     -3.4017972942188348e+00

     -1.5393541438878412e+03      0.0000000000000000e+00     -8.0020407543734682e+00
      0.0000000000000000e+00     -1.5351504718733875e+03      0.0000000000000000e+00
     -8.0020407543734682e+00      0.0000000000000000e+00      3.0851396039958737e+03

     -1.5351504718733875e+03
  -8.248100e-01   2.743820e+00


  3
    4.330000e+01    3.596000e+02    2.470000e+02    1.970000e+02

    9.8038759432247658e+05   -2.3507600000000000e+00    9.8038994508247658e+05
     6.399593625864023e+06     1.001783208056753e+00

   -3.583100e+00    0.000000e+00    6.580473e-01    9.8038738787292267e+05
    0.000000e+00   -3.473293e+00    9.159873e-01    9.8038731387679980e+05
    0.000000e+00    0.000000e+00    1.505746e+00    9.8038713279683815e+05

    9.8038758957075235e+05
    9.8038759463572158e+05

   -3.583100e+00    0.000000e+00    6.580473e-01    9.8038738796612669e+05
    0.000000e+00   -3.473293e+00    9.159873e-01    9.8038731387655016e+05
    0.000000e+00    0.000000e+00    1.505746e+00    9.8038713279658502e+05

    9.8038758966406700e+05
    9.8038759463562592e+05

      1.9383080000000000e+01      3.2431700000000000e+00     -5.0757100000000000e+00
      3.2431700000000000e+00      1.1295500000000000e+00      9.0257000000000000e-01
     -5.0757100000000000e+00      9.0257000000000000e-01     -2.0512630000000000e+01

     -1.5402272268308114e+03      8.3349248860194907e-06     -7.9253493747209697e+00
      8.3349248860194907e-06     -1.5347483236338088e+03     -9.7793592613378230e-04
     -7.9253493747209697e+00     -9.7793592613378230e-04      3.0856105386992532e+03

      1.9383508996930809e+01      3.2432161455668734e+00     -5.0740070572402699e+00
      3.2432161455668734e+00      1.1295549922871316e+00      9.0269609074193453e-01
     -5.0740070572402699e+00      9.0269609074193453e-01     -2.0513061712610101e+01

     -1.5402265424394489e+03      0.0000000000000000e+00     -8.1226255399986434e+00
      0.0000000000000000e+00     -1.5347483236356376e+03      0.0000000000000000e+00
     -8.1226255399986434e+00      0.0000000000000000e+00      3.0856098543097314e+03

     -1.5347483236356376e+03
   8.796490e+00   1.300500e-01


  4
    3.730000e+01    3.540000e+02    5.600000e+01    7.000000e+00

    9.7992460486974950e+05    1.0140430000000000e+01    9.7991446443974950e+05
     6.399593625864023e+06     1.002130034320145e+00

   -2.286596e+00    0.000000e+00    9.642911e-01    9.7992430170287051e+05
    0.000000e+00    2.413048e+00    9.689381e-01    9.7992430375478679e+05
    0.000000e+00    0.000000e+00    1.741325e+00    9.7992406834671924e+05

    9.7992459881247556e+05
    9.7992460229618805e+05

   -2.286596e+00    0.000000e+00    9.642911e-01    9.7992430158350139e+05
    0.000000e+00    2.413048e+00    9.689381e-01    9.7992430375570769e+05
    0.000000e+00    0.000000e+00    1.741325e+00    9.7992406834814831e+05

    9.7992459869231507e+05
    9.7992460229631376e+05

      5.7849700000000000e+00     -5.0231000000000000e-01     -1.8782050000000000e+01
     -5.0231000000000000e-01     -7.4122000000000000e-01      1.0729800000000000e+01
     -1.8782050000000000e+01      1.0729800000000000e+01     -5.0437500000000000e+00

     -1.5410312786440126e+03      5.4389175749712836e-04     -8.2338042406695659e+00
      5.4389175749712836e-04     -1.5344887127905514e+03     -6.5131329028591440e-02
     -8.2338042406695659e+00     -6.5131329028591440e-02      3.0861549796256933e+03

      5.7817909126723192e+00     -5.0380709615532981e-01     -1.8783339788613483e+01
     -5.0380709615532981e-01     -7.4035130721793779e-01      1.0729600439863557e+01
     -1.8783339788613483e+01      1.0729600439863557e+01     -5.0396376520271691e+00

     -1.5410326526010520e+03      0.0000000000000000e+00     -7.8382399976270293e+00
      0.0000000000000000e+00     -1.5344887209067585e+03      0.0000000000000000e+00
     -7.8382399976270293e+00      0.0000000000000000e+00      3.0861563617424554e+03

     -1.5344887209067585e+03
  -1.763323e+01   8.659660e+00


  5
    4.345460e+01    1.189730e+01    3.100000e+02    2.640000e+02

    9.8044208620868979e+05    5.7612880000000000e+01    9.8038447332868979e+05
     6.399593625864023e+06     1.001774146246827e+00

    3.450197e+00    0.000000e+00    6.361262e-01    9.8044189153076165e+05
    0.000000e+00    2.170851e+00    6.577296e-01    9.8044188347320640e+05
    0.000000e+00    0.000000e+00    1.858535e+00    9.8044151130953140e+05

    9.8044208830317488e+05
    9.8044208692818222e+05

    3.450197e+00    0.000000e+00    6.361262e-01    9.8044189144155791e+05
    0.000000e+00    2.170851e+00    6.577296e-01    9.8044188347314897e+05
    0.000000e+00    0.000000e+00    1.858535e+00    9.8044151130936293e+05

    9.8044208821402880e+05
    9.8044208692818442e+05

     -4.4643400000000000e+00     -3.2657700000000000e+00      2.1195800000000000e+00
     -3.2657700000000000e+00     -3.2603700000000000e+00     -3.2892200000000000e+00
      2.1195800000000000e+00     -3.2892200000000000e+00      7.7247100000000000e+00

     -1.5401921148763852e+03      2.1421959492729280e-04     -7.9318249389242774e+00
      2.1421959492729280e-04     -1.5347411669100028e+03     -2.5123656256658092e-02
     -7.9318249389242774e+00     -2.5123656256658092e-02      3.0855682700130817e+03

     -4.4644168571978921e+00     -3.2658915848012281e+00      2.1190682859600053e+00
     -3.2658915848012281e+00     -3.2605768137498043e+00     -3.2892841406145072e+00
      2.1190682859600053e+00     -3.2892841406145072e+00      7.7247805461826501e+00

     -1.5401914439790129e+03      0.0000000000000000e+00     -8.1251007900075479e+00
      0.0000000000000000e+00     -1.5347411681170040e+03      0.0000000000000000e+00
     -8.1251007900075479e+00      0.0000000000000000e+00      3.0855676003306619e+03

     -1.5347411681170040e+03
   8.618210e+00   3.341130e+00


  6
    5.220000e+01    4.500000e+00    4.300000e+01    0.000000e+00

    9.8126662161331285e+05    1.4768010000000000e+01    9.8125185360331285e+05
     6.399593625864023e+06     1.001265062828729e+00

   -2.757547e+00    0.000000e+00    9.465202e-01    9.8126632685763338e+05
    0.000000e+00    3.787303e+00    5.990776e-01    9.8126643757766877e+05
    0.000000e+00    0.000000e+00    1.693770e+00    9.8126609836690154e+05

    9.8126661926055578e+05
    9.8126662264719078e+05

   -2.757547e+00    0.000000e+00    9.465202e-01    9.8126632687496757e+05
    0.000000e+00    3.787303e+00    5.990776e-01    9.8126643757764677e+05
    0.000000e+00    0.000000e+00    1.693770e+00    9.8126609836685759e+05

    9.8126661927791453e+05
    9.8126662264718432e+05

     -3.0563800000000000e+00     -7.6520000000000000e-01     -6.2356000000000000e-01
     -7.6520000000000000e-01     -1.1560800000000000e+00     -2.7299700000000000e+00
     -6.2356000000000000e-01     -2.7299700000000000e+00      4.2124600000000000e+00

     -1.5391405069277247e+03     -1.1171889557865657e-06     -7.8455551879241941e+00
     -1.1171889557865657e-06     -1.5352535313220442e+03      1.3434706466335847e-04
     -7.8455551879241941e+00      1.3434706466335847e-04      3.0850290264844135e+03

     -3.0563674539525672e+00     -7.6522756998393889e-01     -6.2363435573289016e-01
     -7.6522756998393889e-01     -1.1560793556659026e+00     -2.7299780677744577e+00
     -6.2363435573289016e-01     -2.7299780677744577e+00      4.2124477562076623e+00

     -1.5391403464517147e+03      0.0000000000000000e+00     -7.8927057754141418e+00
      0.0000000000000000e+00     -1.5352535313220787e+03      0.0000000000000000e+00
     -7.8927057754141418e+00      0.0000000000000000e+00      3.0850288660084384e+03

     -1.5352535313220787e+03
   2.103190e+00  -1.788000e-02


  7
    5.700000e+01    9.900000e+00    4.200000e+01    2.000000e+00

    9.8166225081510277e+05   -3.1741000000000000e-01    9.8166256822510277e+05
     6.399593625864023e+06     1.000999075044778e+00

    2.574793e+00    0.000000e+00    5.975579e-01    9.8166206799714892e+05
    0.000000e+00   -2.157894e+00    7.556052e-01    9.8166201760640344e+05
    0.000000e+00    0.000000e+00    1.961914e+00    9.8166164766729846e+05

    9.8166225170333345e+05
    9.8166224990079417e+05

    2.574793e+00    0.000000e+00    5.975579e-01    9.8166206798607064e+05
    0.000000e+00   -2.157894e+00    7.556052e-01    9.8166201760635971e+05
    0.000000e+00    0.000000e+00    1.961914e+00    9.8166164766726964e+05

    9.8166225169226396e+05
    9.8166224990076155e+05

      3.6378900000000000e+00      3.6801000000000000e+00      4.0103000000000000e+00
      3.6801000000000000e+00      6.7598500000000000e+00     -4.2280500000000000e+00
      4.0103000000000000e+00     -4.2280500000000000e+00     -1.0397740000000000e+01

     -1.5385576177621118e+03      7.1792113372628275e-05     -7.4170250967126219e+00
      7.1792113372628275e-05     -1.5354878657215157e+03     -9.1424660718350538e-03
     -7.4170250967126219e+00     -9.1424660718350538e-03      3.0846804717166793e+03

      3.6377668877377105e+00      3.6800656557389235e+00      4.0104585351210152e+00
      3.6800656557389235e+00      6.7598669808310356e+00     -4.2280456705978707e+00
      4.0104585351210152e+00     -4.2280456705978707e+00     -1.0397733672431620e+01

     -1.5385575135401971e+03      0.0000000000000000e+00     -7.4494365677092458e+00
      0.0000000000000000e+00     -1.5354878658813606e+03      0.0000000000000000e+00
     -7.4494365677092458e+00      0.0000000000000000e+00      3.0846803676562027e+03

     -1.5354878658813606e+03
   1.446020e+00   1.217220e+00


  8
    4.990000e+01    1.160000e+01    4.600000e+02    4.130000e+02

    9.8094994463136803e+05    3.0426110000000000e+01    9.8091951852136803e+05
     6.399593625864023e+06     1.001397116633729e+00

    2.686370e+00    0.000000e+00    9.676598e-01    9.8094964902639407e+05
    0.000000e+00   -2.972966e+00    9.319509e-01    9.8094965540697006e+05
    0.000000e+00    0.000000e+00    1.932077e+00    9.8094934966001209e+05

    9.8094994701134151e+05
    9.8094994239557902e+05

    2.686370e+00    0.000000e+00    9.676598e-01    9.8094964903565726e+05
    0.000000e+00   -2.972966e+00    9.319509e-01    9.8094965540705545e+05
    0.000000e+00    0.000000e+00    1.932077e+00    9.8094934966008572e+05

    9.8094994702056783e+05
    9.8094994239562889e+05

      4.4566900000000000e+00      4.4173400000000000e+00     -8.4214000000000000e-01
      4.4173400000000000e+00      1.1056100000000000e+00     -7.5360900000000000e+00
     -8.4214000000000000e-01     -7.5360900000000000e+00     -5.5623000000000000e+00

     -1.5393289657838634e+03     -1.3435748871761193e-04     -8.0516452840530965e+00
     -1.3435748871761193e-04     -1.5350371173433404e+03      1.5858903883489542e-02
     -8.0516452840530965e+00      1.5858903883489542e-02      3.0850010713578489e+03

      4.4567878926147721e+00      4.4173502136851069e+00     -8.4233302400286688e-01
      4.4173502136851069e+00      1.1056568679927909e+00     -7.5360692063632953e+00
     -8.4233302400286688e-01     -7.5360692063632953e+00     -5.5621363241671191e+00

     -1.5393290560561451e+03      0.0000000000000000e+00     -8.0256804002048389e+00
      0.0000000000000000e+00     -1.5350371178243977e+03      0.0000000000000000e+00
     -8.0256804002048389e+00      0.0000000000000000e+00      3.0850011621151878e+03

     -1.5350371178243977e+03
  -1.158170e+00  -2.110500e+00


  9
    3.797422e+01    2.378800e+01    2.320000e+02    1.930000e+02

    9.8002469079064857e+05    1.0558823000000000e+02    9.7991910256064857e+05
     6.399593625864023e+06     1.002091765412843e+00

    3.603556e+00    0.000000e+00    6.734015e-01    9.8002448490960344e+05
    0.000000e+00    3.053752e+00    8.095277e-01    9.8002443865583199e+05
    0.000000e+00    0.000000e+00    1.910631e+00    9.8002409646047529e+05

    9.8002469438114985e+05
    9.8002469047145637e+05

    3.603556e+00    0.000000e+00    6.734015e-01    9.8002448496807796e+05
    0.000000e+00    3.053752e+00    8.095277e-01    9.8002443865591846e+05
    0.000000e+00    0.000000e+00    1.910631e+00    9.8002409646061126e+05

    9.8002469443957645e+05
    9.8002469047148522e+05

     -1.3552370000000000e+01     -1.0729870000000000e+01     -2.1185700000000000e+00
     -1.0729870000000000e+01     -1.1074680000000000e+01      1.0082000000000000e+00
     -2.1185700000000000e+00      1.0082000000000000e+00      2.4627050000000000e+01

     -1.5409057550851776e+03     -3.0826946585976865e-04     -8.0073386203640220e+00
     -3.0826946585976865e-04     -1.5344801408349472e+03      3.6951497542540490e-02
     -8.0073386203640220e+00      3.6951497542540490e-02      3.0860208841406584e+03

     -1.3552879025167283e+01     -1.0729799695194070e+01     -2.1173036621294765e+00
     -1.0729799695194070e+01     -1.1074329085111016e+01      1.0081560346471432e+00
     -2.1173036621294765e+00      1.0081560346471432e+00      2.4627112067239214e+01

     -1.5409061680791774e+03      0.0000000000000000e+00     -7.8871153763040579e+00
      0.0000000000000000e+00     -1.5344801434467803e+03      0.0000000000000000e+00
     -7.8871153763040579e+00      0.0000000000000000e+00      3.0860212997606027e+03

     -1.5344801434467803e+03
  -5.359550e+00  -4.912700e+00


 10
    4.780000e+01    2.170000e+01    1.550000e+02    1.150000e+02

    9.8084333431360697e+05    1.8153310000000000e+01    9.8082518100360697e+05
     6.399593625864023e+06     1.001519305140248e+00

   -3.869030e+00    0.000000e+00    7.691658e-01    9.8084309593223048e+05
    0.000000e+00    2.626577e+00    7.156860e-01    9.8084311370299088e+05
    0.000000e+00    0.000000e+00    1.960294e+00    9.8084273018400757e+05

    9.8084333297617726e+05
    9.8084333426536391e+05

   -3.869030e+00    0.000000e+00    7.691658e-01    9.8084309597182983e+05
    0.000000e+00    2.626577e+00    7.156860e-01    9.8084311370303637e+05
    0.000000e+00    0.000000e+00    1.960294e+00    9.8084273018397604e+05

    9.8084333301578899e+05
    9.8084333426542091e+05

     -7.5919000000000000e-01     -2.0534600000000000e+00      4.6728700000000000e+00
     -2.0534600000000000e+00      4.2360000000000000e+00      2.0515000000000000e-01
      4.6728700000000000e+00      2.0515000000000000e-01     -3.4768200000000000e+00

     -1.5396707830125984e+03      1.8507356076951100e-04     -8.0272455794844353e+00
      1.8507356076951100e-04     -1.5350028093068552e+03     -2.1694287082378583e-02
     -8.0272455794844353e+00     -2.1694287082378583e-02      3.0853085805471430e+03

     -7.5928179460888236e-01     -2.0534682921736118e+00      4.6728832225341522e+00
     -2.0534682921736118e+00      4.2359423635503568e+00      2.0512652820898858e-01
      4.6728832225341522e+00      2.0512652820898858e-01     -3.4766590918083298e+00

     -1.5396705151805758e+03      0.0000000000000000e+00     -8.1040356768781520e+00
      0.0000000000000000e+00     -1.5350028102069032e+03      0.0000000000000000e+00
     -8.1040356768781520e+00      0.0000000000000000e+00      3.0853083136221240e+03

     -1.5350028102069032e+03
   3.424640e+00   2.886220e+00


 11
    5.520000e+01    3.020000e+01    1.570000e+02    1.380000e+02

    9.8148153818897763e+05    5.5166200000000000e+00    9.8147602156897763e+05
     6.399593625864023e+06     1.001096972472330e+00

    3.259054e+00    0.000000e+00    6.540640e-01    9.8148133915747081e+05
    0.000000e+00    3.833848e+00    7.516219e-01    9.8148130765472745e+05
    0.000000e+00    0.000000e+00    1.592556e+00    9.8148104709948923e+05

    9.8148154084830940e+05
    9.8148153942906653e+05

    3.259054e+00    0.000000e+00    6.540640e-01    9.8148133914722387e+05
    0.000000e+00    3.833848e+00    7.516219e-01    9.8148130765474808e+05
    0.000000e+00    0.000000e+00    1.592556e+00    9.8148104709945423e+05

    9.8148154083807684e+05
    9.8148153942910367e+05

      1.7862100000000000e+00     -1.6942800000000000e+00     -5.1134000000000000e-01
     -1.6942800000000000e+00     -6.8890000000000000e-01     -3.2193800000000000e+00
     -5.1134000000000000e-01     -3.2193800000000000e+00     -1.0973100000000000e+00

     -1.5387444613775142e+03      1.2323377167059079e-04     -7.6170899196961473e+00
      1.2323377167059079e-04     -1.5353740922407509e+03     -1.5297115386851627e-02
     -7.6170899196961473e+00     -1.5297115386851627e-02      3.0847535418486326e+03

      1.7862633517707592e+00     -1.6942663099007981e+00     -5.1129628645516040e-01
     -1.6942663099007981e+00     -6.8901170481173089e-01     -3.2194062792254952e+00
     -5.1129628645516040e-01     -3.2194062792254952e+00     -1.0973787854401275e+00

     -1.5387443835481792e+03      0.0000000000000000e+00     -7.6406744314975218e+00
      0.0000000000000000e+00     -1.5353740926882677e+03      0.0000000000000000e+00
     -7.6406744314975218e+00      0.0000000000000000e+00      3.0847534644710919e+03

     -1.5353740926882677e+03
   1.052130e+00   2.036420e+00


 12
    4.500000e+01    3.900000e+01    3.000000e+01    1.700000e+01

    9.8056198704618774e+05   -4.8676430000000000e+01    9.8061066347618774e+05
     6.399593625864023e+06     1.001683457179832e+00

    2.028908e+00    0.000000e+00    5.544692e-01    9.8056182008354421e+05
    0.000000e+00   -2.715278e+00    5.221289e-01    9.8056182705373635e+05
    0.000000e+00    0.000000e+00    1.623390e+00    9.8056148903920873e+05

    9.8056199017793388e+05
    9.8056198722709959e+05

    2.028908e+00    0.000000e+00    5.544692e-01    9.8056182005726835e+05
    0.000000e+00   -2.715278e+00    5.221289e-01    9.8056182705362170e+05
    0.000000e+00    0.000000e+00    1.623390e+00    9.8056148903905220e+05

    9.8056199015171148e+05
    9.8056198722703528e+05

      1.3533150000000000e+01      4.7889400000000000e+00     -7.2643000000000000e+00
      4.7889400000000000e+00      4.3522700000000000e+00      6.7400000000000000e-01
     -7.2643000000000000e+00      6.7400000000000000e-01     -1.7885420000000000e+01

     -1.5400608069292896e+03      6.8188509023890625e-05     -8.0420802617595659e+00
      6.8188509023890625e-05     -1.5348883019834497e+03     -7.9631000794062144e-03
     -8.0420802617595659e+00     -7.9631000794062144e-03      3.0855840971465326e+03

      1.3533407694953269e+01      4.7889640819529586e+00     -7.2636152052635513e+00
      4.7889640819529586e+00      4.3523261042623669e+00      6.7403166353097200e-01
     -7.2636152052635513e+00      6.7403166353097200e-01     -1.7885719954228418e+01

     -1.5400604651171494e+03      0.0000000000000000e+00     -8.1397885129841526e+00
      0.0000000000000000e+00     -1.5348883021047126e+03      0.0000000000000000e+00
     -8.1397885129841526e+00      0.0000000000000000e+00      3.0855837554565070e+03

     -1.5348883021047126e+03
   4.356960e+00   1.059140e+00

