
  1
             5.720000e+01
             3.577000e+02
             1.310000e+02
             8.000000e+01

           2.20372800e+01

            -2.720655e+00             0.000000e+00             5.216034e-01
             0.000000e+00            -3.401122e+00             5.316572e-01
             0.000000e+00             0.000000e+00             1.587985e+00

             1.340770e+00            -4.218360e+00            -3.702990e+00
            -4.218360e+00             2.598440e+00            -5.463080e+00
            -3.702990e+00            -5.463080e+00            -3.939200e+00

      -6.276600e-01
       5.183760e+00

  2
             5.040000e+01
             3.559000e+02
             9.400000e+01
             4.100000e+01

           3.09456200e+01

            -3.029756e+00             0.000000e+00             6.525573e-01
             0.000000e+00            -3.176151e+00             5.446208e-01
             0.000000e+00             0.000000e+00             1.903788e+00

             5.399070e+00             5.041000e-01             3.468760e+00
             5.041000e-01            -1.997440e+00            -4.869410e+00
             3.468760e+00            -4.869410e+00            -3.401640e+00

      -8.248100e-01
       2.743820e+00

  3
             4.330000e+01
             3.596000e+02
             2.470000e+02
             1.970000e+02

          -2.35076000e+00

            -3.583100e+00             0.000000e+00             6.580473e-01
             0.000000e+00            -3.473293e+00             9.159873e-01
             0.000000e+00             0.000000e+00             1.505746e+00

             1.938308e+01             3.243170e+00            -5.075710e+00
             3.243170e+00             1.129550e+00             9.025700e-01
            -5.075710e+00             9.025700e-01            -2.051263e+01

       8.796490e+00
       1.300500e-01

  4
             3.730000e+01
             3.540000e+02
             5.600000e+01
             7.000000e+00

           1.01404300e+01

            -2.286596e+00             0.000000e+00             9.642911e-01
             0.000000e+00             2.413048e+00             9.689381e-01
             0.000000e+00             0.000000e+00             1.741325e+00

             5.784970e+00            -5.023100e-01            -1.878205e+01
            -5.023100e-01            -7.412200e-01             1.072980e+01
            -1.878205e+01             1.072980e+01            -5.043750e+00

      -1.763323e+01
       8.659660e+00

  5
             4.345460e+01
             1.189730e+01
             3.100000e+02
             2.640000e+02

           5.76128800e+01

             3.450197e+00             0.000000e+00             6.361262e-01
             0.000000e+00             2.170851e+00             6.577296e-01
             0.000000e+00             0.000000e+00             1.858535e+00

            -4.464340e+00            -3.265770e+00             2.119580e+00
            -3.265770e+00            -3.260370e+00            -3.289220e+00
             2.119580e+00            -3.289220e+00             7.724710e+00

       8.618210e+00
       3.341130e+00

  6
             5.220000e+01
             4.500000e+00
             4.300000e+01
             0.000000e+00

           1.47680100e+01

            -2.757547e+00             0.000000e+00             9.465202e-01
             0.000000e+00             3.787303e+00             5.990776e-01
             0.000000e+00             0.000000e+00             1.693770e+00

            -3.056380e+00            -7.652000e-01            -6.235600e-01
            -7.652000e-01            -1.156080e+00            -2.729970e+00
            -6.235600e-01            -2.729970e+00             4.212460e+00

       2.103190e+00
      -1.788000e-02

  7
             5.700000e+01
             9.900000e+00
             4.200000e+01
             2.000000e+00

          -3.17410000e-01

             2.574793e+00             0.000000e+00             5.975579e-01
             0.000000e+00            -2.157894e+00             7.556052e-01
             0.000000e+00             0.000000e+00             1.961914e+00

             3.637890e+00             3.680100e+00             4.010300e+00
             3.680100e+00             6.759850e+00            -4.228050e+00
             4.010300e+00            -4.228050e+00            -1.039774e+01

       1.446020e+00
       1.217220e+00

  8
             4.990000e+01
             1.160000e+01
             4.600000e+02
             4.130000e+02

           3.04261100e+01

             2.686370e+00             0.000000e+00             9.676598e-01
             0.000000e+00            -2.972966e+00             9.319509e-01
             0.000000e+00             0.000000e+00             1.932077e+00

             4.456690e+00             4.417340e+00            -8.421400e-01
             4.417340e+00             1.105610e+00            -7.536090e+00
            -8.421400e-01            -7.536090e+00            -5.562300e+00

      -1.158170e+00
      -2.110500e+00

  9
             3.797422e+01
             2.378800e+01
             2.320000e+02
             1.930000e+02

           1.05588230e+02

             3.603556e+00             0.000000e+00             6.734015e-01
             0.000000e+00             3.053752e+00             8.095277e-01
             0.000000e+00             0.000000e+00             1.910631e+00

            -1.355237e+01            -1.072987e+01            -2.118570e+00
            -1.072987e+01            -1.107468e+01             1.008200e+00
            -2.118570e+00             1.008200e+00             2.462705e+01

      -5.359550e+00
      -4.912700e+00

 10
             4.780000e+01
             2.170000e+01
             1.550000e+02
             1.150000e+02

           1.81533100e+01

            -3.869030e+00             0.000000e+00             7.691658e-01
             0.000000e+00             2.626577e+00             7.156860e-01
             0.000000e+00             0.000000e+00             1.960294e+00

            -7.591900e-01            -2.053460e+00             4.672870e+00
            -2.053460e+00             4.236000e+00             2.051500e-01
             4.672870e+00             2.051500e-01            -3.476820e+00

       3.424640e+00
       2.886220e+00

 11
             5.520000e+01
             3.020000e+01
             1.570000e+02
             1.380000e+02

           5.51662000e+00

             3.259054e+00             0.000000e+00             6.540640e-01
             0.000000e+00             3.833848e+00             7.516219e-01
             0.000000e+00             0.000000e+00             1.592556e+00

             1.786210e+00            -1.694280e+00            -5.113400e-01
            -1.694280e+00            -6.889000e-01            -3.219380e+00
            -5.113400e-01            -3.219380e+00            -1.097310e+00

       1.052130e+00
       2.036420e+00

 12
             4.500000e+01
             3.900000e+01
             3.000000e+01
             1.700000e+01

          -4.86764300e+01

             2.028908e+00             0.000000e+00             5.544692e-01
             0.000000e+00            -2.715278e+00             5.221289e-01
             0.000000e+00             0.000000e+00             1.623390e+00

             1.353315e+01             4.788940e+00            -7.264300e+00
             4.788940e+00             4.352270e+00             6.740000e-01
            -7.264300e+00             6.740000e-01            -1.788542e+01

       4.356960e+00
       1.059140e+00
